sphere -75,75,110,0,0,0,0,10,500,red,0,0
sphere -45,75,110,0,0,0,0,10,500,red,0,0.2
sphere -15,75,110,0,0,0,0,10,500,red,0,0.4
sphere  15,75,110,0,0,0,0,10,500,red,0,0.6
sphere  45,75,110,0,0,0,0,10,500,red,0,0.8
sphere  75,75,110,0,0,0,0,10,500,red,0,1

sphere -75,45,110,0,0,0,0,10,500,red,0.2,0
sphere -45,45,110,0,0,0,0,10,500,red,0.2,0.2
sphere -15,45,110,0,0,0,0,10,500,red,0.2,0.4
sphere  15,45,110,0,0,0,0,10,500,red,0.2,0.6
sphere  45,45,110,0,0,0,0,10,500,red,0.2,0.8
sphere  75,45,110,0,0,0,0,10,500,red,0.2,1

sphere -75,15,110,0,0,0,0,10,500,red,0.4,0.0
sphere -45,15,110,0,0,0,0,10,500,red,0.4,0.2
sphere  -15,15,110,0,0,0,0,10,500,red,0.4,0.4
sphere  15,15,110,0,0,0,0,10,500,red,0.4,0.6
sphere  45,15,110,0,0,0,0,10,500,red,0.4,0.8
sphere  75,15,110,0,0,0,0,10,500,red,0.4,1

sphere -75,-15,110,0,0,0,0,10,500,red,0.6,0
sphere -45,-15,110,0,0,0,0,10,500,red,0.6,0.2
sphere  -15,-15,110,0,0,0,0,10,500,red,0.6,0.4
sphere  15,-15,110,0,0,0,0,10,500,red,0.6,0.6
sphere  45,-15,110,0,0,0,0,10,500,red,0.6,0.8
sphere  75,-15,110,0,0,0,0,10,500,red,0.6,1

sphere -75,-45,110,0,0,0,0,10,500,red,0.8,0
sphere -45,-45,110,0,0,0,0,10,500,red,0.8,0.2
sphere  -15,-45,110,0,0,0,0,10,500,red,0.8,0.4
sphere  15,-45,110,0,0,0,0,10,500,red,0.8,0.6
sphere  45,-45,110,0,0,0,0,10,500,red,0.8,0.8
sphere  75,-45,110,0,0,0,0,10,500,red,0.8,1

sphere -75,-75,110,0,0,0,0,10,500,red,1,0
sphere -45,-75,110,0,0,0,0,10,500,red,1,0.2
sphere  -15,-75,110,0,0,0,0,10,500,red,1,0.4
sphere  15,-75,110,0,0,0,0,10,500,red,1,0.6
sphere  45,-75,110,0,0,0,0,10,500,red,1,0.8
sphere  75,-75,110,0,0,0,0,10,500,red,1,1

light point 0,0,-100,5000 //x,y,z,intens
camera 0,0,-100,0,0,0,0,0,0